[gd_scene load_steps=11 format=3 uid="uid://78nq3g3vfxv5"]

[ext_resource type="Script" path="res://Levels/Level.gd" id="1_00dad"]
[ext_resource type="Environment" uid="uid://ccnlxlf1x8udm" path="res://env.tres" id="2_83gyu"]
[ext_resource type="Material" uid="uid://d0mfyn1g86r04" path="res://Materials/CliffMatShader.tres" id="3_dldp1"]
[ext_resource type="PackedScene" uid="uid://55ov271h55jv" path="res://Objects/HSVCliff.tscn" id="3_hyd8u"]
[ext_resource type="Material" uid="uid://cbki4lr5giwhd" path="res://Materials/CliffMaterial.tres" id="4_oog3b"]
[ext_resource type="PackedScene" uid="uid://c4g2gtfrjlmtd" path="res://Actors/Player.tscn" id="6_hpl7r"]
[ext_resource type="PackedScene" uid="uid://qkv5f4yxykmh" path="res://Objects/suzanne.tscn" id="7_2yvrt"]

[sub_resource type="StandardMaterial3D" id="StandardMaterial3D_5tuvx"]
albedo_color = Color(0.87, 0.7656, 0.696, 1)

[sub_resource type="SphereMesh" id="SphereMesh_axhv7"]
material = ExtResource("4_oog3b")

[sub_resource type="BoxMesh" id="BoxMesh_x3jrm"]

[node name="Level" type="Node3D"]
script = ExtResource("1_00dad")

[node name="WorldEnvironment" type="WorldEnvironment" parent="."]
environment = ExtResource("2_83gyu")

[node name="Sun" type="DirectionalLight3D" parent="."]
transform = Transform3D(-0.199727, -0.581918, 0.78834, -0.0610629, 0.810379, 0.582716, -0.977947, 0.0682457, -0.197388, 6.73652, 6.52044, -1.27781)
light_color = Color(1, 0.933333, 0.862745, 1)
light_angular_distance = 0.5
shadow_enabled = true
shadow_bias = 1.202
shadow_blur = 3.936

[node name="UI" type="CanvasLayer" parent="."]

[node name="Control" type="Control" parent="UI"]
layout_mode = 3
anchors_preset = 15
anchor_right = 1.0
anchor_bottom = 1.0
grow_horizontal = 2
grow_vertical = 2

[node name="FPS" type="Label" parent="UI/Control"]
layout_mode = 0
offset_right = 40.0
offset_bottom = 23.0

[node name="Geometry" type="Node" parent="."]

[node name="Cliffs" type="Node3D" parent="Geometry"]
transform = Transform3D(1, 0, 0, 0, 1, 0, 0, 0, 1, 2.51524, 0.229942, -5.48085)

[node name="HSVCliff" parent="Geometry/Cliffs" instance=ExtResource("3_hyd8u")]

[node name="HSVCliff2" parent="Geometry/Cliffs" instance=ExtResource("3_hyd8u")]
transform = Transform3D(0.999654, 0, 0, 0, 0.999321, 0, 0, 0, 0.999654, -0.957462, 0, 17.6726)

[node name="HSVCliff3" parent="Geometry/Cliffs" instance=ExtResource("3_hyd8u")]
transform = Transform3D(0.999654, 0, 0, 0, 0.999321, 0, 0, 0, 0.999654, -9.88891, 0, 26.8425)
gradient_start = Color(0.388235, 0.631373, 0.729412, 1)

[node name="Floor" type="CSGBox3D" parent="Geometry"]
use_collision = true
size = Vector3(140.361, 1, 59.8855)
material = SubResource("StandardMaterial3D_5tuvx")

[node name="Sphere" type="MeshInstance3D" parent="."]
transform = Transform3D(1, 0, 0, 0, 1, 0, 0, 0, 1, 1.38862, 1, 0)
material_override = ExtResource("3_dldp1")
mesh = SubResource("SphereMesh_axhv7")

[node name="Player" parent="." instance=ExtResource("6_hpl7r")]

[node name="suzanne" parent="." instance=ExtResource("7_2yvrt")]
transform = Transform3D(-0.213048, 0.294391, 0.931636, 0.0656276, 0.955685, -0.286982, -0.974835, 0, -0.222927, -28.4605, 2.95169, 3.60118)

[node name="suzanne2" parent="." instance=ExtResource("7_2yvrt")]
transform = Transform3D(-0.599196, 0.26772, 0.754514, 0.0656276, 0.955685, -0.286982, -0.797908, -0.122442, -0.590212, -28.2693, 2.95169, 6.84228)

[node name="MeshInstance3d" type="MeshInstance3D" parent="."]
transform = Transform3D(1, 0, 0, 0, 1, 0, 0, 0, 1, -3.60355, 2.13948, 0.891215)
mesh = SubResource("BoxMesh_x3jrm")
